,ratio_mean,CYS_P_7.5,ASP_P_7.5,SER_P_7.5,GLN_P_7.5,LYS_P_7.5,ILE_P_7.5,PRO_P_7.5,THR_P_7.5,PHE_P_7.5,ASN_P_7.5,GLY_P_7.5,HIS_P_7.5,LEU_P_7.5,ARG_P_7.5,TRP_P_7.5,ALA_P_7.5,VAL_P_7.5,GLU_P_7.5,TYR_P_7.5,MET_P_7.5,hbond_don_sc_atom_5_P,hbond_acc_sc_atom_5_P,hbond_don_bb_atom_5_P,hbond_acc_bb_atom_5_P,hbond_don_sc_atom_5_7.5_P,hbond_acc_sc_atom_5_7.5_P,hbond_don_bb_atom_5_7.5_P,hbond_acc_bb_atom_5_7.5_P,saas_P_7.5
ratio_mean,1.0,-0.09404048017912597,0.11791347052923368,0.02140788197773353,-0.07909133420489765,0.09561585637114799,0.15328380439541486,-0.11227400744916988,0.027378963469725744,-0.028620760276963666,0.03569650566763353,-0.025946275678441075,-0.13357669389655658,0.017180482680280454,-0.1106313534379401,-0.028363089606556632,-0.062490073550436336,0.13164603295547544,0.010138011402259443,-0.07497786921525543,-0.0283918689600011,-0.011489900280315109,-0.0005429092236745252,0.05905014091095821,0.16392984036081812,-0.10545588690692308,-0.03450808622930393,0.0239386487481456,0.03310700698688743,0.08789088968926784
CYS_P_7.5,-0.09404048017912597,1.0,-0.1292016119843062,-0.033116649106312124,-0.040806812621542725,-0.10568189608696207,-0.11545545568317878,0.06361268475862866,0.00254235901903696,-0.0844202712526955,-0.058006234768336634,-0.033346325167251084,0.08647082897345798,-0.10645778339940412,0.04483712980483996,0.032684087751822986,0.0032231562996342597,-0.05665925888230579,-0.04014550469089968,0.00805321963139221,-0.05748509930079844,0.2617534656198368,0.2073720399413399,0.1071209767136063,-0.14676484738484605,0.055558228187784685,0.02655618124395032,0.0015569993378155035,0.09975659531399908,-0.12077617546356614
ASP_P_7.5,0.11791347052923368,-0.1292016119843062,1.0,0.04104342926424045,-0.07866143628334715,0.07549688937736905,-0.09889018229089222,-0.13815001087008635,0.07249508485750342,-0.07426396084599873,-0.13280038584338427,0.005260465985750322,-0.07320449766834866,-0.08902094765147357,-0.07815185716033696,-0.04900977253374497,-0.011468518681377085,-0.08364908534713153,-0.08756126359218516,0.06093270536721846,-0.07176632994336803,-0.013912008716686129,0.121237932513732,0.11256157424675864,0.10921476561942346,0.033773194822862077,0.31823066157888585,0.0785109295219542,-0.00688358197392957,0.19462436363608118
SER_P_7.5,0.02140788197773353,-0.033116649106312124,0.04104342926424045,1.0,-0.05996572585152422,-0.036417912948065394,-0.14822626536687283,0.03208242598060121,0.06672142700532017,-0.11270435789057602,-0.0798424925606481,-0.01703208452668158,0.04697587988143996,-0.20159844808050065,-0.029124766495770928,-0.026017904588662148,-0.05759705953490506,-0.11250936645214624,-0.1473636309567485,0.07759793081220998,-0.07217028473208525,0.053397400266360105,0.06635048185324716,0.16323698733454647,-0.005785756275351788,0.3211915878668367,0.274634367976029,-0.012323665199125354,0.15464640281084785,0.10276731674481299
GLN_P_7.5,-0.07909133420489765,-0.040806812621542725,-0.07866143628334715,-0.05996572585152422,1.0,0.0030319028620457203,-0.17209320287066357,-0.06916808370372071,-0.05913523557685799,-0.10024689227343558,0.02377941392649671,-0.11674535163449175,0.04019610065227677,-0.038303407341110624,0.03085959006492487,-0.0407898972358989,-0.025663285826609476,-0.025496880833412672,-0.00252763416704983,-0.04710197285041725,-0.09210716798053731,0.051735967943908466,0.036985956010623565,-0.06337209511675161,-0.05562983702333687,0.17866855860038852,0.07009396067327567,-0.012599988106082038,0.011160547933967846,0.10440144286034748
LYS_P_7.5,0.09561585637114799,-0.10568189608696207,0.07549688937736905,-0.036417912948065394,0.0030319028620457203,1.0,-0.05920490398701669,-0.12242405865735288,0.041415074917099955,-0.15988566451376393,0.0749514445396399,-0.09832415312813252,-0.18421087712030318,-0.07721582885502891,-0.12282781052239115,-0.1129042727433598,-0.16860661184659012,0.0064090083901707,0.03488598909379569,-0.007497535700560199,-0.08258375315961634,0.006892122765212273,-0.020268119717251128,0.08014248419970037,0.10780499548614568,0.05904352858255579,0.043837553082463065,0.01606208532275926,0.055453414453199214,0.32403085992458525
ILE_P_7.5,0.15328380439541486,-0.11545545568317878,-0.09889018229089222,-0.14822626536687283,-0.17209320287066357,-0.05920490398701669,1.0,-0.10864618975573784,-0.07981907385304772,-0.003289856517698164,0.10528817698694264,-0.01806085966580651,-0.07192157285404258,-0.029165495592018916,-0.12664681920147766,-0.05492031905606226,-0.06257967890443522,0.0653367192913277,-0.12663886812058564,-0.154833367805372,-0.010890705614673453,-0.10182449622181823,-0.09174931558943675,-0.06906497434885314,0.04998640414591318,-0.21255839925010192,-0.23474618405259037,0.025528761174330554,-0.029744768113872003,-0.11261368349277298
PRO_P_7.5,-0.11227400744916988,0.06361268475862866,-0.13815001087008635,0.03208242598060121,-0.06916808370372071,-0.12242405865735288,-0.10864618975573784,1.0,-0.10334952072211688,-0.11682456276263435,-0.09539063529200435,0.009232947605369843,0.12638640720818084,-0.10548259224954691,0.09847529383358777,0.11472164708378293,0.010031008125367558,-0.2478441175773152,-0.01804317574838788,0.023108199140272987,-0.10991699774642076,0.06515535246900428,0.08750634382191455,-0.10114911379954154,-0.09682725265610342,0.05133402341355869,-0.05172481123457799,-0.18350018240496352,0.08103973609110535,-0.0009719726098215735
THR_P_7.5,0.027378963469725744,0.00254235901903696,0.07249508485750342,0.06672142700532017,-0.05913523557685799,0.041415074917099955,-0.07981907385304772,-0.10334952072211688,1.0,-0.11507400123700119,-0.115858597037719,-0.0847420290964221,-0.09589253926118363,-0.07903391503092848,-0.14925056261333214,-0.08649001490447557,-0.12845813344499338,0.03440647544745901,-0.11787102227998017,-0.07264618638065178,-0.030411180761522206,-0.036066883876475934,-0.035152321718282864,0.14196777649249018,0.07043100656614712,0.21789164481765833,0.24078399497926126,0.06551184330732718,-0.03243909571098658,0.07031539815750477
PHE_P_7.5,-0.028620760276963666,-0.0844202712526955,-0.07426396084599873,-0.11270435789057602,-0.10024689227343558,-0.15988566451376393,-0.003289856517698164,-0.11682456276263435,-0.11507400123700119,1.0,-0.019157741138159268,0.028684467321882127,-0.003912399812416311,0.02354531199023539,-0.05800017432204923,0.00908538112485187,-0.14348572737749252,-0.0662886058376624,-0.07346204076891012,0.02886034586433793,0.08409202032683907,-0.15697760064733338,-0.13468502138452518,-0.0880992629536238,-0.010018964600584218,-0.21235702770901285,-0.240169890932438,-0.04235844423351655,-0.1328321510878952,-0.23675323163082299
ASN_P_7.5,0.03569650566763353,-0.058006234768336634,-0.13280038584338427,-0.0798424925606481,0.02377941392649671,0.0749514445396399,0.10528817698694264,-0.09539063529200435,-0.115858597037719,-0.019157741138159268,1.0,-0.07072816797014762,-0.060012049562073254,-0.1564535230708709,-0.09203156118741276,-0.05883796133395828,-0.028216567574952563,0.04658262404292261,-0.10721951436355096,-0.06852222088797472,-0.05011959551944807,0.036827134667992395,0.03579214793408915,-0.008138808419595002,0.04449971703725629,0.033088558844598874,0.0027016022973502343,0.0920165576364295,0.0976595423787242,0.09447369478394184
GLY_P_7.5,-0.025946275678441075,-0.033346325167251084,0.005260465985750322,-0.01703208452668158,-0.11674535163449175,-0.09832415312813252,-0.01806085966580651,0.009232947605369843,-0.0847420290964221,0.028684467321882127,-0.07072816797014762,1.0,-0.05157891707979454,-0.24341192278871465,-0.09504161837500669,0.06734808177074732,0.02959278267543321,-0.07925939010817112,-0.08452134912542922,-0.09619067255085313,0.020098908263801268,-0.09111764179228155,0.0004181169398603708,0.18083039698391057,0.17359566162445647,0.0032747122505877007,-0.028088929173974504,0.059088991085271624,0.12931564889766467,0.07132495974810317
HIS_P_7.5,-0.13357669389655658,0.08647082897345798,-0.07320449766834866,0.04697587988143996,0.04019610065227677,-0.18421087712030318,-0.07192157285404258,0.12638640720818084,-0.09589253926118363,-0.003912399812416311,-0.060012049562073254,-0.05157891707979454,1.0,-0.1022676129648041,0.03299374662325389,0.06964626865628926,-0.0533961440929358,-0.13210875558113871,0.0141974140818949,-0.04317439845147752,-0.040723676077866845,0.19221770099594082,0.17022213834475639,-0.07759027985419577,-0.0751161595650063,0.1639231797878873,0.1322749257096687,-0.00024531063375821376,-0.0075319857216865115,-0.09143247376598486
LEU_P_7.5,0.017180482680280454,-0.10645778339940412,-0.08902094765147357,-0.20159844808050065,-0.038303407341110624,-0.07721582885502891,-0.029165495592018916,-0.10548259224954691,-0.07903391503092848,0.02354531199023539,-0.1564535230708709,-0.24341192278871465,-0.1022676129648041,1.0,-0.04724608137075205,-0.07986951415583579,-0.07977668746376196,-0.0282561352151968,-0.006444559118880248,-0.1152259069729467,-0.03440647613036461,-0.1199992864205734,-0.1902027275764619,-0.21273960065295278,-0.12297557991773822,-0.25365731415842685,-0.2517652250088238,0.00036954259494918816,-0.17912528916656673,-0.22541474475017814
ARG_P_7.5,-0.1106313534379401,0.04483712980483996,-0.07815185716033696,-0.029124766495770928,0.03085959006492487,-0.12282781052239115,-0.12664681920147766,0.09847529383358777,-0.14925056261333214,-0.05800017432204923,-0.09203156118741276,-0.09504161837500669,0.03299374662325389,-0.04724608137075205,1.0,-0.07452130095968418,-0.06056788078590837,-0.16283833388837105,0.1075701612828561,-0.0055771737614273564,-0.08918830566416418,0.2666668055431374,0.07325583874546038,-0.06138439201392204,-0.14444408472764106,0.23275297019995017,0.02354160439381043,-0.09971997810615277,0.027146963188151383,0.02480346990415323
TRP_P_7.5,-0.028363089606556632,0.032684087751822986,-0.04900977253374497,-0.026017904588662148,-0.0407898972358989,-0.1129042727433598,-0.05492031905606226,0.11472164708378293,-0.08649001490447557,0.00908538112485187,-0.05883796133395828,0.06734808177074732,0.06964626865628926,-0.07986951415583579,-0.07452130095968418,1.0,-0.03682704361444355,-0.09273098735820533,-0.06694433852047199,0.05634236423440286,-0.01819875067700634,0.06961565710644353,0.05108146302331009,-0.006147916812534428,0.0059326375536075514,-0.047658830556493774,-0.07404994062856798,-0.11614813896457207,-0.04933197363417813,-0.07876388284916924
ALA_P_7.5,-0.062490073550436336,0.0032231562996342597,-0.011468518681377085,-0.05759705953490506,-0.025663285826609476,-0.16860661184659012,-0.06257967890443522,0.010031008125367558,-0.12845813344499338,-0.14348572737749252,-0.028216567574952563,0.02959278267543321,-0.0533961440929358,-0.07977668746376196,-0.06056788078590837,-0.03682704361444355,1.0,-0.13215744705925403,-0.1247516486081122,-0.05559379934704739,-0.07617878317606173,-0.05571758201457277,-0.04836428750359446,0.009284944782114717,0.020930477727707033,-0.0625821540126206,-0.00041814361057583463,0.12226297449484293,0.07931240950133862,-0.017143630728749828
VAL_P_7.5,0.13164603295547544,-0.05665925888230579,-0.08364908534713153,-0.11250936645214624,-0.025496880833412672,0.0064090083901707,0.0653367192913277,-0.2478441175773152,0.03440647544745901,-0.0662886058376624,0.04658262404292261,-0.07925939010817112,-0.13210875558113871,-0.0282561352151968,-0.16283833388837105,-0.09273098735820533,-0.13215744705925403,1.0,-0.13475367901793767,-0.2439562468770376,0.027914630365321724,-0.1692422135183562,-0.18968763287185647,-0.033297081246604764,0.07137070929087289,-0.23741487201928074,-0.19309791127186607,0.03278394177543093,0.0008301054471768171,-0.031055023006894878
GLU_P_7.5,0.010138011402259443,-0.04014550469089968,-0.08756126359218516,-0.1473636309567485,-0.00252763416704983,0.03488598909379569,-0.12663886812058564,-0.01804317574838788,-0.11787102227998017,-0.07346204076891012,-0.10721951436355096,-0.08452134912542922,0.0141974140818949,-0.006444559118880248,0.1075701612828561,-0.06694433852047199,-0.1247516486081122,-0.13475367901793767,1.0,-0.01158871291426421,0.025048478465454462,0.07613472471432244,0.143817853684729,-0.0033870283464156785,-0.03809058104259453,-0.021499682569508478,0.16899196005795497,-0.030253137042582097,-0.0688227796685197,0.08253346410058829
TYR_P_7.5,-0.07497786921525543,0.00805321963139221,0.06093270536721846,0.07759793081220998,-0.04710197285041725,-0.007497535700560199,-0.154833367805372,0.023108199140272987,-0.07264618638065178,0.02886034586433793,-0.06852222088797472,-0.09619067255085313,-0.04317439845147752,-0.1152259069729467,-0.0055771737614273564,0.05634236423440286,-0.05559379934704739,-0.2439562468770376,-0.01158871291426421,1.0,-0.04312550757731305,0.07435885946542263,0.11923953040528257,0.07486247706239912,-0.05553117776440527,0.11435461507094892,0.12349023580262544,-0.12984454880451327,-0.09521697688427985,-0.012538598407352558
MET_P_7.5,-0.0283918689600011,-0.05748509930079844,-0.07176632994336803,-0.07217028473208525,-0.09210716798053731,-0.08258375315961634,-0.010890705614673453,-0.10991699774642076,-0.030411180761522206,0.08409202032683907,-0.05011959551944807,0.020098908263801268,-0.040723676077866845,-0.03440647613036461,-0.08918830566416418,-0.01819875067700634,-0.07617878317606173,0.027914630365321724,0.025048478465454462,-0.04312550757731305,1.0,-0.09325853287905965,-0.06976615207891858,-0.05722542094055115,0.05208828954837751,-0.12583868099755252,-0.1167405786488751,0.031506030440109134,-0.08826686098034585,-0.11591021763357696
hbond_don_sc_atom_5_P,-0.011489900280315109,0.2617534656198368,-0.013912008716686129,0.053397400266360105,0.051735967943908466,0.006892122765212273,-0.10182449622181823,0.06515535246900428,-0.036066883876475934,-0.15697760064733338,0.036827134667992395,-0.09111764179228155,0.19221770099594082,-0.1199992864205734,0.2666668055431374,0.06961565710644353,-0.05571758201457277,-0.1692422135183562,0.07613472471432244,0.07435885946542263,-0.09325853287905965,1.0,0.5703966738792356,-0.05121896595239923,-0.16830969875462118,0.06444442576329894,0.07690347149178978,-0.06444104975918492,0.008888955609879127,-0.008934300178805024
hbond_acc_sc_atom_5_P,-0.0005429092236745252,0.2073720399413399,0.121237932513732,0.06635048185324716,0.036985956010623565,-0.020268119717251128,-0.09174931558943675,0.08750634382191455,-0.035152321718282864,-0.13468502138452518,0.03579214793408915,0.0004181169398603708,0.17022213834475639,-0.1902027275764619,0.07325583874546038,0.05108146302331009,-0.04836428750359446,-0.18968763287185647,0.143817853684729,0.11923953040528257,-0.06976615207891858,0.5703966738792356,1.0,0.027015433947537675,-0.16936434637422831,0.0985480196572471,0.07303106366402771,-0.04834664746400115,0.03855545112514788,0.06502351654667426
hbond_don_bb_atom_5_P,0.05905014091095821,0.1071209767136063,0.11256157424675864,0.16323698733454647,-0.06337209511675161,0.08014248419970037,-0.06906497434885314,-0.10114911379954154,0.14196777649249018,-0.0880992629536238,-0.008138808419595002,0.18083039698391057,-0.07759027985419577,-0.21273960065295278,-0.06138439201392204,-0.006147916812534428,0.009284944782114717,-0.033297081246604764,-0.0033870283464156785,0.07486247706239912,-0.05722542094055115,-0.05121896595239923,0.027015433947537675,1.0,0.18666087035851608,0.1343004139843568,0.1722308094204909,-0.3707535277887197,0.1619740574798062,0.2567450666341547
hbond_acc_bb_atom_5_P,0.16392984036081812,-0.14676484738484605,0.10921476561942346,-0.005785756275351788,-0.05562983702333687,0.10780499548614568,0.04998640414591318,-0.09682725265610342,0.07043100656614712,-0.010018964600584218,0.04449971703725629,0.17359566162445647,-0.0751161595650063,-0.12297557991773822,-0.14444408472764106,0.0059326375536075514,0.020930477727707033,0.07137070929087289,-0.03809058104259453,-0.05553117776440527,0.05208828954837751,-0.16830969875462118,-0.16936434637422831,0.18666087035851608,1.0,-0.07959502402705938,-0.038936409747728905,0.17223910041194337,-0.24634143745405507,0.12567686321150226
hbond_don_sc_atom_5_7.5_P,-0.10545588690692308,0.055558228187784685,0.033773194822862077,0.3211915878668367,0.17866855860038852,0.05904352858255579,-0.21255839925010192,0.05133402341355869,0.21789164481765833,-0.21235702770901285,0.033088558844598874,0.0032747122505877007,0.1639231797878873,-0.25365731415842685,0.23275297019995017,-0.047658830556493774,-0.0625821540126206,-0.23741487201928074,-0.021499682569508478,0.11435461507094892,-0.12583868099755252,0.06444442576329894,0.0985480196572471,0.1343004139843568,-0.07959502402705938,1.0,0.5932871840064031,-0.16318169684143272,-0.032684496456811034,0.2429327180709976
hbond_acc_sc_atom_5_7.5_P,-0.03450808622930393,0.02655618124395032,0.31823066157888585,0.274634367976029,0.07009396067327567,0.043837553082463065,-0.23474618405259037,-0.05172481123457799,0.24078399497926126,-0.240169890932438,0.0027016022973502343,-0.028088929173974504,0.1322749257096687,-0.2517652250088238,0.02354160439381043,-0.07404994062856798,-0.00041814361057583463,-0.19309791127186607,0.16899196005795497,0.12349023580262544,-0.1167405786488751,0.07690347149178978,0.07303106366402771,0.1722308094204909,-0.038936409747728905,0.5932871840064031,1.0,-0.1211806502082348,-0.041509225352042156,0.3318579957870738
hbond_don_bb_atom_5_7.5_P,0.0239386487481456,0.0015569993378155035,0.0785109295219542,-0.012323665199125354,-0.012599988106082038,0.01606208532275926,0.025528761174330554,-0.18350018240496352,0.06551184330732718,-0.04235844423351655,0.0920165576364295,0.059088991085271624,-0.00024531063375821376,0.00036954259494918816,-0.09971997810615277,-0.11614813896457207,0.12226297449484293,0.03278394177543093,-0.030253137042582097,-0.12984454880451327,0.031506030440109134,-0.06444104975918492,-0.04834664746400115,-0.3707535277887197,0.17223910041194337,-0.16318169684143272,-0.1211806502082348,1.0,0.12504835341791742,-0.06314973051014859
hbond_acc_bb_atom_5_7.5_P,0.03310700698688743,0.09975659531399908,-0.00688358197392957,0.15464640281084785,0.011160547933967846,0.055453414453199214,-0.029744768113872003,0.08103973609110535,-0.03243909571098658,-0.1328321510878952,0.0976595423787242,0.12931564889766467,-0.0075319857216865115,-0.17912528916656673,0.027146963188151383,-0.04933197363417813,0.07931240950133862,0.0008301054471768171,-0.0688227796685197,-0.09521697688427985,-0.08826686098034585,0.008888955609879127,0.03855545112514788,0.1619740574798062,-0.24634143745405507,-0.032684496456811034,-0.041509225352042156,0.12504835341791742,1.0,0.1265715480786157
saas_P_7.5,0.08789088968926784,-0.12077617546356614,0.19462436363608118,0.10276731674481299,0.10440144286034748,0.32403085992458525,-0.11261368349277298,-0.0009719726098215735,0.07031539815750477,-0.23675323163082299,0.09447369478394184,0.07132495974810317,-0.09143247376598486,-0.22541474475017814,0.02480346990415323,-0.07876388284916924,-0.017143630728749828,-0.031055023006894878,0.08253346410058829,-0.012538598407352558,-0.11591021763357696,-0.008934300178805024,0.06502351654667426,0.2567450666341547,0.12567686321150226,0.2429327180709976,0.3318579957870738,-0.06314973051014859,0.1265715480786157,1.0
